checkpoints_timed,checkpoints_req,checkpoint_write_time,checkpoint_sync_time,buffers_checkpoint,buffers_clean,maxwritten_clean,buffers_backend,buffers_backend_fsync,buffers_alloc,stats_reset
7,9,7283444,338951,86305970,3511000,35110,179232753,0,127635296,2021-02-05 15:18:32.243265+00
