checkpoints_timed,checkpoints_req,checkpoint_write_time,checkpoint_sync_time,buffers_checkpoint,buffers_clean,maxwritten_clean,buffers_backend,buffers_backend_fsync,buffers_alloc,stats_reset
7,9,7384545,319983,87184827,3524027,35240,190295160,0,147339550,2021-02-05 15:18:32.243265+00
